,INST,EN_TIME,EN_ID,EN_TT,EN_Q,EN_PRICE,EN_CODE,EN_VAR,EX_TIME,EX_ID,EX_TT,EX_Q,EX_PRICE,EX_CODE,EX_VAR,P&L,ROI,P&L %,ROI %,Equity Curve,Drawdown %
0,NSE_EQ:HEROMOTOCO,2023-05-02 11:15:00+05:30,6265e0b8bb5e4ad3912465cff456e56a,SELL,2,2491.3,INTRADAY,MARKET,2023-05-02 15:10:00+05:30,172cdce55fa04ca8a8e7ed4b5075b9d1,BUY,2,2499.5,INTRADAY,MARKET,-16.4,-16.4,-0.33,-0.03,49983.6,-0.03
1,NSE_EQ:HEROMOTOCO,2023-05-05 09:15:00+05:30,d7eeb538b0ff423d844c489030409b58,BUY,2,2537.0,INTRADAY,MARKET,2023-05-05 15:10:00+05:30,0e602322744f42babb651b1da72566aa,SELL,2,2556.0,INTRADAY,MARKET,38.0,21.6,0.75,0.04,50021.6,0.0
2,NSE_EQ:HEROMOTOCO,2023-05-10 13:15:00+05:30,9242f3bb436f4727ad014cfbc08885d7,SELL,2,2580.0,INTRADAY,MARKET,2023-05-10 15:10:00+05:30,78b37129152c4170a8944e5df0b57972,BUY,2,2580.6,INTRADAY,MARKET,-1.2,20.4,-0.02,0.04,50020.4,-0.0
3,NSE_EQ:HEROMOTOCO,2023-05-19 09:15:00+05:30,a4bb51c8f21c4b0686a00ace47d04aca,SELL,2,2740.65,INTRADAY,MARKET,2023-05-19 13:15:00+05:30,880436bcfc9e48fba086a6b8a54283e9,BUY,2,2708.65,INTRADAY,MARKET,64.0,84.4,1.17,0.17,50084.4,0.0
4,NSE_EQ:HEROMOTOCO,2023-05-24 14:15:00+05:30,7352ed193ba840878a06733bd03279fa,BUY,2,2738.65,INTRADAY,MARKET,2023-05-24 15:10:00+05:30,90ad353e59d74087a46b26cfb9cdb2d5,SELL,2,2738.65,INTRADAY,MARKET,0.0,84.4,0.0,0.17,50084.4,0.0
5,NSE_EQ:HEROMOTOCO,2023-05-31 11:15:00+05:30,a457731d29bd4329b486d47b4b18705d,SELL,2,2770.75,INTRADAY,MARKET,2023-05-31 15:10:00+05:30,8d688ad56f6047468f08da03ff69e26b,BUY,2,2765.55,INTRADAY,MARKET,10.4,94.8,0.19,0.19,50094.8,0.0
6,NSE_EQ:HEROMOTOCO,2023-06-06 14:15:00+05:30,9ef1ec1bd15e4e228a5ed7ce8f7aa5bd,SELL,2,2897.95,INTRADAY,MARKET,2023-06-06 15:10:00+05:30,f5c7d0d1c4e34264a0c6e3ae446d1bf4,BUY,2,2897.95,INTRADAY,MARKET,-0.0,94.8,-0.0,0.19,50094.8,0.0
7,NSE_EQ:HEROMOTOCO,2023-06-09 10:15:00+05:30,8483646e63aa4f00a913129002bea1a2,SELL,2,2975.55,INTRADAY,MARKET,2023-06-09 15:10:00+05:30,ea4c5c3f6bd241d6aec0d43adf0c6dfb,BUY,2,2922.95,INTRADAY,MARKET,105.2,200.0,1.77,0.4,50200.0,0.0
8,NSE_EQ:HEROMOTOCO,2023-06-21 11:15:00+05:30,68e506d5ae31480ea33a5f64c6679b2c,BUY,2,2806.85,INTRADAY,MARKET,2023-06-21 15:10:00+05:30,532c499a6e84458ebc65a2b5a6ad9f33,SELL,2,2828.85,INTRADAY,MARKET,44.0,244.0,0.78,0.49,50244.0,0.0
9,NSE_EQ:HEROMOTOCO,2023-06-26 09:15:00+05:30,a4faf56a82b5475fb334ae530a8bd258,SELL,2,2776.4,INTRADAY,MARKET,2023-06-26 15:10:00+05:30,783fa194121d4df6b4ffaf5cc0650db0,BUY,2,2829.2,INTRADAY,MARKET,-105.6,138.4,-1.9,0.28,50138.4,-0.21
10,NSE_EQ:HEROMOTOCO,2023-06-28 14:15:00+05:30,2fb3a15c7b3b486fab1f032f056022ec,SELL,2,2822.05,INTRADAY,MARKET,2023-06-28 15:10:00+05:30,b851622f330a4ce08e41264b23869c45,BUY,2,2822.05,INTRADAY,MARKET,-0.0,138.4,-0.0,0.28,50138.4,-0.21
11,NSE_EQ:HEROMOTOCO,2023-07-07 14:15:00+05:30,5030761009834297a8f6588f7ef3a12f,SELL,2,3147.35,INTRADAY,MARKET,2023-07-07 15:10:00+05:30,150509cde37a43daa5ee71a49b10643c,BUY,2,3147.35,INTRADAY,MARKET,-0.0,138.4,-0.0,0.28,50138.4,-0.21
12,NSE_EQ:HEROMOTOCO,2023-07-17 09:15:00+05:30,e121d99747e64de4af9229aaa8fdbfbb,BUY,2,3144.65,INTRADAY,MARKET,2023-07-17 15:10:00+05:30,d751b4baec564e85820500a9f8f64f78,SELL,2,3074.95,INTRADAY,MARKET,-139.4,-1.0,-2.22,-0.0,49999.0,-0.49
13,NSE_EQ:HEROMOTOCO,2023-07-24 09:15:00+05:30,ac0d4a4634dd497fab7ba9e27e7f70aa,BUY,2,3129.9,INTRADAY,MARKET,2023-07-24 14:15:00+05:30,783495768d774902a3cfee8883b834db,SELL,2,3141.0,INTRADAY,MARKET,22.2,21.2,0.35,0.04,50021.2,-0.44
14,NSE_EQ:HEROMOTOCO,2023-07-27 10:15:00+05:30,b16c5839b521456fbd0b2f7d883d8ec4,SELL,2,3112.0,INTRADAY,MARKET,2023-07-27 15:10:00+05:30,787774fd68cb4a87b6c403b300784de2,BUY,2,3124.65,INTRADAY,MARKET,-25.3,-4.1,-0.41,-0.01,49995.899999999994,-0.49
15,NSE_EQ:HEROMOTOCO,2023-08-01 14:15:00+05:30,6e6aaea038a04a7db5700b1665110db7,SELL,2,3106.5,INTRADAY,MARKET,2023-08-01 15:10:00+05:30,cab708d182df478e9f03268ea8a97a42,BUY,2,3106.5,INTRADAY,MARKET,-0.0,-4.1,-0.0,-0.01,49995.899999999994,-0.49
16,NSE_EQ:HEROMOTOCO,2023-08-07 13:15:00+05:30,1749b578e11c49fcb7827e75ad8d038b,BUY,2,2944.15,INTRADAY,MARKET,2023-08-07 15:10:00+05:30,a1498db265b8426da20cfd53c8e3a555,SELL,2,2949.6,INTRADAY,MARKET,10.9,6.8,0.19,0.01,50006.799999999996,-0.47
17,NSE_EQ:HEROMOTOCO,2023-08-11 11:15:00+05:30,a7a5602f4fb94431813c958fb2a2e264,SELL,2,3004.85,INTRADAY,MARKET,2023-08-11 15:10:00+05:30,6ced2175f7524bb1bb38d20d9d782bb3,BUY,2,3006.1,INTRADAY,MARKET,-2.5,4.3,-0.04,0.01,50004.299999999996,-0.48
18,NSE_EQ:HEROMOTOCO,2023-08-17 13:15:00+05:30,edf8e0a2a8bb4eb1b267a33a64d1ee44,BUY,2,2982.5,INTRADAY,MARKET,2023-08-17 15:10:00+05:30,6c7fc48bdcd3426399104086a3f395dc,SELL,2,2985.05,INTRADAY,MARKET,5.1,9.4,0.09,0.02,50009.399999999994,-0.47
19,NSE_EQ:HEROMOTOCO,2023-08-22 11:15:00+05:30,14c056fcab094190919eeff7e4366214,BUY,2,2930.0,INTRADAY,MARKET,2023-08-22 15:10:00+05:30,4052b586abd5419faebaad9e616b0aad,SELL,2,2934.55,INTRADAY,MARKET,9.1,18.5,0.16,0.04,50018.49999999999,-0.45
20,NSE_EQ:HEROMOTOCO,2023-08-25 11:15:00+05:30,9410b433da8141238f96d501bae5fc28,SELL,2,2901.65,INTRADAY,MARKET,2023-08-25 15:10:00+05:30,6a730a8527e349d2978d3e92d100ae5d,BUY,2,2896.8,INTRADAY,MARKET,9.7,28.2,0.17,0.06,50028.19999999999,-0.43
21,NSE_EQ:HEROMOTOCO,2023-08-31 11:15:00+05:30,25b3ed33da7348879541eb3d234736ed,SELL,2,2931.55,INTRADAY,MARKET,2023-08-31 15:10:00+05:30,c13ae040d12d45ad9319c97dd47c40bb,BUY,2,2926.9,INTRADAY,MARKET,9.3,37.5,0.16,0.07,50037.49999999999,-0.41
22,NSE_EQ:HEROMOTOCO,2023-09-04 12:15:00+05:30,13dc87d21a72457094d7c7ff93a228c6,BUY,2,2934.1,INTRADAY,MARKET,2023-09-04 15:10:00+05:30,570738b767cd42f69777d3a1408cab90,SELL,2,2937.3,INTRADAY,MARKET,6.4,43.9,0.11,0.09,50043.899999999994,-0.4
23,NSE_EQ:HEROMOTOCO,2023-09-13 11:15:00+05:30,633a3a58411748b28c331204bd50fdba,SELL,2,2995.0,INTRADAY,MARKET,2023-09-13 15:10:00+05:30,8a361afee36d457b8c7307043ed22989,BUY,2,2995.75,INTRADAY,MARKET,-1.5,42.4,-0.03,0.08,50042.399999999994,-0.4
24,NSE_EQ:HEROMOTOCO,2023-09-15 12:15:00+05:30,97924e1f4d994151aac99f4ac3a13656,BUY,2,3073.35,INTRADAY,MARKET,2023-09-15 15:10:00+05:30,7a28736a0f764cef859f4e21ae702201,SELL,2,3068.85,INTRADAY,MARKET,-9.0,33.4,-0.15,0.07,50033.399999999994,-0.42
25,NSE_EQ:HEROMOTOCO,2023-10-04 12:15:00+05:30,e56d4e606aad420f99aa42f4fd595a17,SELL,2,2998.95,INTRADAY,MARKET,2023-10-04 15:10:00+05:30,8750377ebbb6401a8054f2b2d32648ce,BUY,2,2994.0,INTRADAY,MARKET,9.9,43.3,0.17,0.09,50043.299999999996,-0.4
26,NSE_EQ:HEROMOTOCO,2023-10-09 13:15:00+05:30,3eeed0a5982548778f4e6f50e687423b,SELL,2,2942.5,INTRADAY,MARKET,2023-10-09 15:10:00+05:30,5b864d70a97f40caaa7a120633832193,BUY,2,2953.05,INTRADAY,MARKET,-21.1,22.2,-0.36,0.04,50022.2,-0.44
27,NSE_EQ:HEROMOTOCO,2023-10-11 12:15:00+05:30,e4ede18f30e142a29937ce52e1d709d8,BUY,2,3018.4,INTRADAY,MARKET,2023-10-11 15:10:00+05:30,d1fd0801233d436a9756b9ae48d2d5c5,SELL,2,3099.95,INTRADAY,MARKET,163.1,185.3,2.7,0.37,50185.299999999996,-0.12
28,NSE_EQ:HEROMOTOCO,2023-10-18 12:15:00+05:30,fe1cc9356c6243c492bda72e67d91042,SELL,2,3165.05,INTRADAY,MARKET,2023-10-18 15:10:00+05:30,6ba734a392b042dcaeaf8aa0a7d247f8,BUY,2,3174.5,INTRADAY,MARKET,-18.9,166.4,-0.3,0.33,50166.399999999994,-0.15
29,NSE_EQ:HEROMOTOCO,2023-10-30 13:15:00+05:30,4be6e7878bae49acafa7e74dacee7274,BUY,2,3106.8,INTRADAY,MARKET,2023-10-30 15:10:00+05:30,f7762966878848d7b72b8020f2f5beb7,SELL,2,3106.9,INTRADAY,MARKET,0.2,166.6,0.0,0.33,50166.59999999999,-0.15
