,INST,EN_TIME,EN_ID,EN_TT,EN_Q,EN_PRICE,EN_CODE,EN_VAR,EX_TIME,EX_ID,EX_TT,EX_Q,EX_PRICE,EX_CODE,EX_VAR,P&L,ROI,P&L %,ROI %,Equity Curve,Drawdown %
0,NSE_EQ:HINDALCO,2023-05-02 11:15:00+05:30,a4580523d81e4da280f2c9965560ce53,SELL,1,445.0,INTRADAY,MARKET,2023-05-02 15:10:00+05:30,68359d329b924f5586d302300d7cca53,BUY,1,447.3,INTRADAY,MARKET,-2.3,-2.3,-0.52,-0.0,49997.7,-0.0
1,NSE_EQ:HINDALCO,2023-05-08 09:15:00+05:30,d49d91474870461eb853e1b04a9baf3f,BUY,1,438.25,INTRADAY,MARKET,2023-05-08 10:15:00+05:30,732ecc4f064f42728bc6b4cb83f0318a,SELL,1,444.2,INTRADAY,MARKET,5.95,3.65,1.36,0.01,50003.649999999994,0.0
2,NSE_EQ:HINDALCO,2023-05-08 10:15:00+05:30,ea89df4af10b400fb244a9fdb2e0e4b6,BUY,1,444.2,INTRADAY,MARKET,2023-05-08 15:10:00+05:30,288ab0ee47d44e5cab706c858b3bdf38,SELL,1,443.2,INTRADAY,MARKET,-1.0,2.65,-0.23,0.01,50002.649999999994,-0.0
3,NSE_EQ:HINDALCO,2023-05-11 09:15:00+05:30,40483e683429482080c85f998a4c1dd0,BUY,1,434.0,INTRADAY,MARKET,2023-05-11 11:15:00+05:30,aded1c235d774a548029815464b65dbb,SELL,1,423.0,INTRADAY,MARKET,-11.0,-8.35,-2.53,-0.02,49991.649999999994,-0.02
4,NSE_EQ:HINDALCO,2023-05-11 11:15:00+05:30,23d36495a8f447819c54f5fe9f4960fa,BUY,1,423.0,INTRADAY,MARKET,2023-05-11 13:15:00+05:30,248579925af943f281f4a02fd1a334d8,SELL,1,421.25,INTRADAY,MARKET,-1.75,-10.1,-0.41,-0.02,49989.899999999994,-0.03
5,NSE_EQ:HINDALCO,2023-05-11 13:15:00+05:30,4c895b40a9594a968e38071d81f10490,BUY,1,421.25,INTRADAY,MARKET,2023-05-11 15:10:00+05:30,40634c19242049709dbefd3bde9e44cd,SELL,1,420.55,INTRADAY,MARKET,-0.7,-10.8,-0.17,-0.02,49989.2,-0.03
6,NSE_EQ:HINDALCO,2023-05-19 11:15:00+05:30,d5dbde0c314a4448aada85b55cbe14a0,BUY,1,403.85,INTRADAY,MARKET,2023-05-19 12:15:00+05:30,f5a58b01b7104fe1a868aeb60f8c63d4,SELL,1,404.45,INTRADAY,MARKET,0.6,-10.2,0.15,-0.02,49989.799999999996,-0.03
7,NSE_EQ:HINDALCO,2023-05-19 12:15:00+05:30,8744aa5fe3914fa58d8a35c51428b991,BUY,1,404.45,INTRADAY,MARKET,2023-05-19 15:10:00+05:30,e46e45581e05429fb56752d8fed37f9d,SELL,1,405.3,INTRADAY,MARKET,0.85,-9.35,0.21,-0.02,49990.649999999994,-0.03
8,NSE_EQ:HINDALCO,2023-05-23 13:15:00+05:30,1e763e5e509544048ecff18a0acce9c5,SELL,1,412.0,INTRADAY,MARKET,2023-05-23 15:10:00+05:30,133c8fe2a9bb49e180dd71545fa7e34e,BUY,1,412.4,INTRADAY,MARKET,-0.4,-9.75,-0.1,-0.02,49990.24999999999,-0.03
9,NSE_EQ:HINDALCO,2023-05-25 13:15:00+05:30,1eb9eecc9fc74222bdb773e549722fb3,BUY,1,401.3,INTRADAY,MARKET,2023-05-25 15:10:00+05:30,ce6002bb161a4d299c16089c87d6f935,SELL,1,402.35,INTRADAY,MARKET,1.05,-8.7,0.26,-0.02,49991.299999999996,-0.02
10,NSE_EQ:HINDALCO,2023-06-05 09:15:00+05:30,b275fb07f46a4038a29ffd5ad767d11d,SELL,1,424.85,INTRADAY,MARKET,2023-06-05 11:15:00+05:30,cbf4ecf45a71434bba0854fede8ed2f2,BUY,1,419.2,INTRADAY,MARKET,5.65,-3.05,1.33,-0.01,49996.95,-0.01
11,NSE_EQ:HINDALCO,2023-06-05 11:15:00+05:30,fb23905afb42469db9b8e1b2448f3157,SELL,1,419.2,INTRADAY,MARKET,2023-06-05 15:10:00+05:30,7b8fda9963304ce2a7e45917806baddd,BUY,1,420.7,INTRADAY,MARKET,-1.5,-4.55,-0.36,-0.01,49995.45,-0.02
12,NSE_EQ:HINDALCO,2023-06-08 09:15:00+05:30,12342fd738c14c2296c2c014c0065ffb,SELL,1,423.95,INTRADAY,MARKET,2023-06-08 12:15:00+05:30,0fc336cd92544991adb4901d887b9fab,BUY,1,419.8,INTRADAY,MARKET,4.15,-0.4,0.98,-0.0,49999.6,-0.01
13,NSE_EQ:HINDALCO,2023-06-08 12:15:00+05:30,8b25846362a34d2c9e15f7e905f117b2,SELL,1,419.8,INTRADAY,MARKET,2023-06-08 15:10:00+05:30,8039f7bbdc9c4f1fadfc7ed39b526ab2,BUY,1,420.9,INTRADAY,MARKET,-1.1,-1.5,-0.26,-0.0,49998.5,-0.01
14,NSE_EQ:HINDALCO,2023-06-13 14:15:00+05:30,2a832d1cd7764f71b45b73b9638aab24,SELL,1,421.25,INTRADAY,MARKET,2023-06-13 15:10:00+05:30,4ff1b535c0c1449f8461d96649effe7e,BUY,1,421.25,INTRADAY,MARKET,-0.0,-1.5,-0.0,-0.0,49998.5,-0.01
15,NSE_EQ:HINDALCO,2023-06-14 11:15:00+05:30,a56d4cf7393640d39605fd754f668aad,SELL,1,424.55,INTRADAY,MARKET,2023-06-14 15:10:00+05:30,6c2f9ac1eb6747cba3431d081f20d4e3,BUY,1,426.3,INTRADAY,MARKET,-1.75,-3.25,-0.41,-0.01,49996.75,-0.01
16,NSE_EQ:HINDALCO,2023-06-20 12:15:00+05:30,520d07fac25d4d2f95be91477e25185f,SELL,1,430.0,INTRADAY,MARKET,2023-06-20 15:10:00+05:30,ae80b657ee0b4230908402197adb7c07,BUY,1,429.75,INTRADAY,MARKET,0.25,-3.0,0.06,-0.01,49997.0,-0.01
17,NSE_EQ:HINDALCO,2023-06-21 13:15:00+05:30,7927c4aef14b4b4a9edb9cb280c524ba,BUY,1,421.25,INTRADAY,MARKET,2023-06-21 14:15:00+05:30,d030f4f20e7143e7b175fb2b7b4e8ce7,SELL,1,421.65,INTRADAY,MARKET,0.4,-2.6,0.09,-0.01,49997.4,-0.01
18,NSE_EQ:HINDALCO,2023-06-21 14:15:00+05:30,1605fa71ca994339a31bc3c779fc38e7,BUY,1,421.65,INTRADAY,MARKET,2023-06-21 15:10:00+05:30,005e33e8a99441c6b50cfb20f9ebc1bf,SELL,1,421.65,INTRADAY,MARKET,0.0,-2.6,0.0,-0.01,49997.4,-0.01
19,NSE_EQ:HINDALCO,2023-06-23 12:15:00+05:30,a52f35b46ae54fa0bc112733a8a35597,BUY,1,411.0,INTRADAY,MARKET,2023-06-23 15:10:00+05:30,29e827d1de1641b8be0731a4941f67ca,SELL,1,409.8,INTRADAY,MARKET,-1.2,-3.8,-0.29,-0.01,49996.200000000004,-0.01
20,NSE_EQ:HINDALCO,2023-07-03 12:15:00+05:30,b2bea5ea0c094405b217f2651cc01792,SELL,1,424.4,INTRADAY,MARKET,2023-07-03 15:10:00+05:30,088197688c11438ba6eb3bbd5c997efc,BUY,1,427.75,INTRADAY,MARKET,-3.35,-7.15,-0.79,-0.01,49992.850000000006,-0.02
21,NSE_EQ:HINDALCO,2023-07-04 11:15:00+05:30,9ac2094fded24469baa15af6fd7e583c,SELL,1,425.1,INTRADAY,MARKET,2023-07-04 15:10:00+05:30,79db8c81730b49ccbc32ade73413c8ed,BUY,1,425.6,INTRADAY,MARKET,-0.5,-7.65,-0.12,-0.02,49992.350000000006,-0.02
22,NSE_EQ:HINDALCO,2023-07-06 09:15:00+05:30,44c1a4648c814bca86712c8201c45d28,BUY,1,418.95,INTRADAY,MARKET,2023-07-06 11:15:00+05:30,deef3cea1f6640f986f1c6a359935a26,SELL,1,420.9,INTRADAY,MARKET,1.95,-5.7,0.47,-0.01,49994.3,-0.02
23,NSE_EQ:HINDALCO,2023-07-06 11:15:00+05:30,e2afd8cb4b5547bbb7c7362b57993ea2,BUY,1,420.9,INTRADAY,MARKET,2023-07-06 15:10:00+05:30,138a7a35dcc04f819b6747eb219793f6,SELL,1,424.25,INTRADAY,MARKET,3.35,-2.35,0.8,-0.0,49997.65,-0.01
24,NSE_EQ:HINDALCO,2023-07-10 12:15:00+05:30,f5a4fac5315d4a85aea79377592ee8e7,SELL,1,428.2,INTRADAY,MARKET,2023-07-10 15:10:00+05:30,54648e37046e460e97712f6a40f33b67,BUY,1,428.95,INTRADAY,MARKET,-0.75,-3.1,-0.18,-0.01,49996.9,-0.01
25,NSE_EQ:HINDALCO,2023-07-13 12:15:00+05:30,1ae242ecf65248998f46a74e5a147de8,SELL,1,437.8,INTRADAY,MARKET,2023-07-13 15:10:00+05:30,666b9a0295f34d689f48f3b0785bcf92,BUY,1,434.65,INTRADAY,MARKET,3.15,0.05,0.72,0.0,50000.05,-0.01
26,NSE_EQ:HINDALCO,2023-07-19 12:15:00+05:30,de6bb479d05446a1bd3a85bbe7724555,BUY,1,442.8,INTRADAY,MARKET,2023-07-19 15:10:00+05:30,85cff6fab4c64fdabd4e50e12b04ad20,SELL,1,439.7,INTRADAY,MARKET,-3.1,-3.05,-0.7,-0.01,49996.950000000004,-0.01
27,NSE_EQ:HINDALCO,2023-07-21 12:15:00+05:30,feab6962011e4a8c98d9c573de547d8d,BUY,1,438.4,INTRADAY,MARKET,2023-07-21 15:10:00+05:30,5147bda7f75040458011e84b5f976057,SELL,1,436.8,INTRADAY,MARKET,-1.6,-4.65,-0.36,-0.01,49995.350000000006,-0.02
28,NSE_EQ:HINDALCO,2023-07-24 09:15:00+05:30,ac37ce3d6e244a4ca8d01149e0776b96,BUY,1,434.0,INTRADAY,MARKET,2023-07-24 11:15:00+05:30,4f68da8089e24bf28448b1961f1624f1,SELL,1,436.35,INTRADAY,MARKET,2.35,-2.3,0.54,-0.0,49997.700000000004,-0.01
29,NSE_EQ:HINDALCO,2023-07-24 11:15:00+05:30,3f8b38d030fd448d9fca288a634205b5,BUY,1,436.35,INTRADAY,MARKET,2023-07-24 15:10:00+05:30,1aa1ad3252824bae8d21dcb6246097af,SELL,1,434.5,INTRADAY,MARKET,-1.85,-4.15,-0.42,-0.01,49995.850000000006,-0.02
30,NSE_EQ:HINDALCO,2023-07-31 12:15:00+05:30,91a96348220d492fb000220f755ba270,SELL,1,460.05,INTRADAY,MARKET,2023-07-31 15:10:00+05:30,9baeff7b67524b56b8393ddf193b24e3,BUY,1,460.85,INTRADAY,MARKET,-0.8,-4.95,-0.17,-0.01,49995.05,-0.02
31,NSE_EQ:HINDALCO,2023-08-03 11:15:00+05:30,10eae2440a2349e19bc5965251796852,BUY,1,452.8,INTRADAY,MARKET,2023-08-03 15:10:00+05:30,17ce665a7d614b379ba8909b6f5b88f3,SELL,1,448.85,INTRADAY,MARKET,-3.95,-8.9,-0.87,-0.02,49991.100000000006,-0.03
32,NSE_EQ:HINDALCO,2023-08-14 12:15:00+05:30,2d6d9446fdab449990f84974b31ca3d5,BUY,1,452.45,INTRADAY,MARKET,2023-08-14 15:10:00+05:30,245aa078a61b49968bc3cb42335f6068,SELL,1,452.5,INTRADAY,MARKET,0.05,-8.85,0.01,-0.02,49991.15000000001,-0.02
33,NSE_EQ:HINDALCO,2023-08-21 10:15:00+05:30,3f9a3c288c124dc78ba55cea19b57b01,BUY,1,443.9,INTRADAY,MARKET,2023-08-21 15:10:00+05:30,2dabd8a3fda544c598e5179314d27821,SELL,1,447.9,INTRADAY,MARKET,4.0,-4.85,0.9,-0.01,49995.15000000001,-0.02
34,NSE_EQ:HINDALCO,2023-08-23 12:15:00+05:30,89fd6e3e537f4274b1494679f2119c7c,SELL,1,462.65,INTRADAY,MARKET,2023-08-23 15:10:00+05:30,1a1781c984094086a1b5288aa15cd85f,BUY,1,463.65,INTRADAY,MARKET,-1.0,-5.85,-0.22,-0.01,49994.15000000001,-0.02
35,NSE_EQ:HINDALCO,2023-09-01 11:15:00+05:30,9ce31b5b9f45494eaa65370715cfd886,SELL,1,472.4,INTRADAY,MARKET,2023-09-01 12:15:00+05:30,4aaa11e7778247e18ff8a8586dc680b5,BUY,1,470.55,INTRADAY,MARKET,1.85,-4.0,0.39,-0.01,49996.00000000001,-0.02
36,NSE_EQ:HINDALCO,2023-09-01 12:15:00+05:30,376c07b682bf45bb87021abcc74bcf3a,SELL,1,470.55,INTRADAY,MARKET,2023-09-01 15:10:00+05:30,11dae605ae54410c965be06ae74eb8d6,BUY,1,472.4,INTRADAY,MARKET,-1.85,-5.85,-0.39,-0.01,49994.15000000001,-0.02
37,NSE_EQ:HINDALCO,2023-09-04 12:15:00+05:30,99da274b65bc46b2b840851aaaad28c9,SELL,1,486.65,INTRADAY,MARKET,2023-09-04 15:10:00+05:30,ad91d964a88f4b99abac4ae24f13ed16,BUY,1,489.65,INTRADAY,MARKET,-3.0,-8.85,-0.62,-0.02,49991.15000000001,-0.02
38,NSE_EQ:HINDALCO,2023-09-08 12:15:00+05:30,9f3f93be495e4cf3bc172218b6144e64,BUY,1,474.7,INTRADAY,MARKET,2023-09-08 15:10:00+05:30,624317c44f1d446ab170c276794283c8,SELL,1,478.55,INTRADAY,MARKET,3.85,-5.0,0.81,-0.01,49995.00000000001,-0.02
39,NSE_EQ:HINDALCO,2023-09-13 11:15:00+05:30,7812e520ce384195ac3241fcfccfe625,BUY,1,480.0,INTRADAY,MARKET,2023-09-13 15:10:00+05:30,7c52f2ff5dc2434f8cbfcff95b0a9593,SELL,1,483.3,INTRADAY,MARKET,3.3,-1.7,0.69,-0.0,49998.30000000001,-0.01
40,NSE_EQ:HINDALCO,2023-09-14 11:15:00+05:30,92656c4d1b7b43c0a1beeeaf2c5cac8e,SELL,1,503.55,INTRADAY,MARKET,2023-09-14 15:10:00+05:30,a874428a0b1c45e4bbbf37d6bc66ea14,BUY,1,500.0,INTRADAY,MARKET,3.55,1.85,0.7,0.0,50001.85000000001,-0.0
41,NSE_EQ:HINDALCO,2023-09-20 11:15:00+05:30,32fee193d6334d1485001212d14ce295,BUY,1,481.05,INTRADAY,MARKET,2023-09-20 15:10:00+05:30,cfba945425c848e291eb05fdbb3664b6,SELL,1,478.45,INTRADAY,MARKET,-2.6,-0.75,-0.54,-0.0,49999.250000000015,-0.01
42,NSE_EQ:HINDALCO,2023-09-22 11:15:00+05:30,c82252d971d34d31a3d389b446a22574,BUY,1,476.85,INTRADAY,MARKET,2023-09-22 12:15:00+05:30,7f382d0572074c69b53f71d50377941f,SELL,1,478.1,INTRADAY,MARKET,1.25,0.5,0.26,0.0,50000.500000000015,-0.01
43,NSE_EQ:HINDALCO,2023-09-22 12:15:00+05:30,be3de2e0fe074fa888d1f9cadeecd8eb,BUY,1,478.1,INTRADAY,MARKET,2023-09-22 15:10:00+05:30,691248fb97e7495f8bda21e6e8aaeab5,SELL,1,480.0,INTRADAY,MARKET,1.9,2.4,0.4,0.0,50002.400000000016,-0.0
44,NSE_EQ:HINDALCO,2023-09-28 11:15:00+05:30,2de57ec0a3cf41bdb5b70825e507c6ea,SELL,1,476.35,INTRADAY,MARKET,2023-09-28 12:15:00+05:30,9b82d1276b31442380903765b38baa2c,BUY,1,471.75,INTRADAY,MARKET,4.6,7.0,0.97,0.01,50007.000000000015,0.0
45,NSE_EQ:HINDALCO,2023-09-28 12:15:00+05:30,0c5dc83bbdec4ebbadd53b36cf4da74b,SELL,1,471.75,INTRADAY,MARKET,2023-09-28 15:10:00+05:30,3eec57a9ee45489caca1767d752449c0,BUY,1,466.9,INTRADAY,MARKET,4.85,11.85,1.03,0.02,50011.85000000001,0.0
46,NSE_EQ:HINDALCO,2023-09-29 09:15:00+05:30,32642e0b83de44bbaf23867a26717c0a,BUY,1,478.0,INTRADAY,MARKET,2023-09-29 10:15:00+05:30,c467aaf29bf543629ad9acda0dcf57b4,SELL,1,478.55,INTRADAY,MARKET,0.55,12.4,0.12,0.02,50012.400000000016,0.0
47,NSE_EQ:HINDALCO,2023-09-29 10:15:00+05:30,e2cd7d51a3f44082b53e3d69f66575a1,BUY,1,478.55,INTRADAY,MARKET,2023-09-29 15:10:00+05:30,3b980a36c890464b88839a8c9d3a085c,SELL,1,493.0,INTRADAY,MARKET,14.45,26.85,3.02,0.05,50026.85000000001,0.0
48,NSE_EQ:HINDALCO,2023-10-09 14:15:00+05:30,3c407225cf5248eea92260f7a4aa6a22,BUY,1,469.2,INTRADAY,MARKET,2023-10-09 15:10:00+05:30,6835d1b9eb904d39852c97b09e0ed84d,SELL,1,469.2,INTRADAY,MARKET,0.0,26.85,0.0,0.05,50026.85000000001,0.0
49,NSE_EQ:HINDALCO,2023-10-11 11:15:00+05:30,78626b53f0a54af19930a75f3dba74be,SELL,1,481.0,INTRADAY,MARKET,2023-10-11 15:10:00+05:30,e6527bfe6b674948ba4f87b712f68020,BUY,1,483.25,INTRADAY,MARKET,-2.25,24.6,-0.47,0.05,50024.60000000001,-0.0
50,NSE_EQ:HINDALCO,2023-10-18 11:15:00+05:30,3c9082ba497c41ee90025330bbf4f23f,SELL,1,490.3,INTRADAY,MARKET,2023-10-18 12:15:00+05:30,5695d08958a3461bac53f6be3205a7a8,BUY,1,485.6,INTRADAY,MARKET,4.7,29.3,0.96,0.06,50029.30000000001,0.0
51,NSE_EQ:HINDALCO,2023-10-18 12:15:00+05:30,a426d9aa671942838921f1411a4fb299,SELL,1,485.6,INTRADAY,MARKET,2023-10-18 15:10:00+05:30,564d81ca71ab416bbf16b0bfe328125d,BUY,1,486.55,INTRADAY,MARKET,-0.95,28.35,-0.2,0.06,50028.35000000001,-0.0
52,NSE_EQ:HINDALCO,2023-10-19 11:15:00+05:30,504195b5166043128fb8cab898e3ec5d,BUY,1,477.4,INTRADAY,MARKET,2023-10-19 12:15:00+05:30,c4cb6307cad9423c81571e68c7c044aa,SELL,1,480.9,INTRADAY,MARKET,3.5,31.85,0.73,0.06,50031.85000000001,0.0
53,NSE_EQ:HINDALCO,2023-10-19 12:15:00+05:30,cfc281384f01441eb2ae656b713be1a9,BUY,1,480.9,INTRADAY,MARKET,2023-10-19 15:10:00+05:30,e8268e55da8949eaa5b17c3987a123d2,SELL,1,480.8,INTRADAY,MARKET,-0.1,31.75,-0.02,0.06,50031.750000000015,-0.0
54,NSE_EQ:HINDALCO,2023-10-23 14:15:00+05:30,012915bd3d614ff1808ba522937d21fb,BUY,1,462.55,INTRADAY,MARKET,2023-10-23 15:10:00+05:30,034e6e4036fa4cf3bd9ee0b4e77f70c4,SELL,1,462.55,INTRADAY,MARKET,0.0,31.75,0.0,0.06,50031.750000000015,-0.0
55,NSE_EQ:HINDALCO,2023-10-25 10:15:00+05:30,b439a341d50c46f7810c72863cc35cee,BUY,1,471.45,INTRADAY,MARKET,2023-10-25 15:10:00+05:30,af5a5a7624b043ca82e382907e254d3a,SELL,1,463.65,INTRADAY,MARKET,-7.8,23.95,-1.65,0.05,50023.95000000001,-0.02
56,NSE_EQ:HINDALCO,2023-10-26 11:15:00+05:30,8bb56c64a64c4873b7e0a05fe335b997,BUY,1,454.8,INTRADAY,MARKET,2023-10-26 15:10:00+05:30,e22b5ab2e58d452fb2aea968fe143cc6,SELL,1,455.05,INTRADAY,MARKET,0.25,24.2,0.05,0.05,50024.20000000001,-0.02
57,NSE_EQ:HINDALCO,2023-10-31 11:15:00+05:30,2e5ae0cd0183467cbd74e8797aa2ccb4,SELL,1,455.45,INTRADAY,MARKET,2023-10-31 12:15:00+05:30,195bbf12c1844f7c8ca33691f4225820,BUY,1,457.65,INTRADAY,MARKET,-2.2,22.0,-0.48,0.04,50022.000000000015,-0.02
58,NSE_EQ:HINDALCO,2023-10-31 12:15:00+05:30,cfe1cc8cbd3e4adbb93de93b5e981f84,BUY,1,457.65,INTRADAY,MARKET,2023-10-31 15:10:00+05:30,298e0818230d45d68fc1219ece02d7d2,SELL,1,458.45,INTRADAY,MARKET,0.8,22.8,0.17,0.05,50022.80000000002,-0.02
